image,imageTag,imageDigest,platform,hasFix,cve,cveReferences,highestSeverity,vulnerableVersions,fixedVersions,cvePublished,cveLastModified,artifactNames,artifactTypes,artifactPaths,severities,cvssBaseScores,highestCvssBaseScore,cvssExploitabilityScores,highestCvssExploitabilityScore,cvssImpactScores,highestCvssImpactScore,cvssVectors,exploitDBRefs,vulnerableBuildSteps,vulnerableLayerNumbers,baseLayerVulnerability,notes,scannerHits,tags
"ibm-maas360-apps-gold-chrome-batch-app","10.91-REL-20240612.100858","sha256:fb0982b97fe0932782e7d14d64d5a468970c77903effc81553f714069983377d","linux:amd64:","Yes","CVE-2015-1796","https://nvd.nist.gov/vuln/detail/CVE-2015-1796 - twistlock","medium","2.5.1-1","2.6.5","2015-07-08",,"opensaml","jar","/opt/batch/chrome-batch-app/lib/opensaml-2.5.1-1.jar","medium - twistlock","4.3 - twistlock","4.3",,,,,"AV:N/AC:M/Au:N/C:N/I:P/A:N",,"43","11","false",,"twistlock","nvd-status(modified)"
"ibm-maas360-apps-gold-chrome-batch-app","10.91-REL-20240612.100858","sha256:fb0982b97fe0932782e7d14d64d5a468970c77903effc81553f714069983377d","linux:amd64:","Yes","CVE-2016-1000027","https://nvd.nist.gov/vuln/detail/CVE-2016-1000027 - twistlock","critical","5.3.34","6.0.0","2020-01-02",,"spring-web","jar","/opt/batch/chrome-batch-app/lib/spring-web-5.3.34.jar","critical - twistlock","9.8 - twistlock","9.8",,,,,"CVSS:3.1/AV:N/AC:L/PR:N/UI:N/S:U/C:H/I:H/A:H",,"43","11","false",,"twistlock","nvd-status(modified)"
"ibm-maas360-apps-gold-chrome-batch-app","10.91-REL-20240612.100858","sha256:fb0982b97fe0932782e7d14d64d5a468970c77903effc81553f714069983377d","linux:amd64:","No","CVE-2018-8032","https://nvd.nist.gov/vuln/detail/CVE-2018-8032 - twistlock","medium","1.4",,"2018-10-16",,"axis","jar","/opt/batch/chrome-batch-app/lib/axis-1.4.jar","medium - twistlock","6.1 - twistlock","6.1",,,,,"CVSS:3.1/AV:N/AC:L/PR:N/UI:R/S:C/C:L/I:L/A:N",,"43","11","false",,"twistlock","nvd-status(modified)"
"ibm-maas360-apps-gold-chrome-batch-app","10.91-REL-20240612.100858","sha256:fb0982b97fe0932782e7d14d64d5a468970c77903effc81553f714069983377d","linux:amd64:","No","CVE-2019-0227","https://nvd.nist.gov/vuln/detail/CVE-2019-0227 - twistlock","high","1.4",,"2019-05-14",,"axis","jar","/opt/batch/chrome-batch-app/lib/axis-1.4.jar","high - twistlock","7.5 - twistlock","7.5",,,,,"CVSS:3.1/AV:A/AC:H/PR:N/UI:N/S:U/C:H/I:H/A:H",,"43","11","false",,"twistlock","exploitdb-ref(46682;unverified);nvd-status(modified)"
"ibm-maas360-apps-gold-chrome-batch-app","10.91-REL-20240612.100858","sha256:fb0982b97fe0932782e7d14d64d5a468970c77903effc81553f714069983377d","linux:amd64:","No","CVE-2019-10172","https://nvd.nist.gov/vuln/detail/CVE-2019-10172 - twistlock","high","1.9.13",,"2019-11-18",,"jackson-mapper-asl","jar","/opt/batch/chrome-batch-app/lib/jackson-mapper-asl-1.9.13.jar","high - twistlock","7.5 - twistlock","7.5",,,,,"CVSS:3.1/AV:N/AC:L/PR:N/UI:N/S:U/C:N/I:H/A:N",,"43","11","false",,"twistlock","nvd-status(modified)"
"ibm-maas360-apps-gold-chrome-batch-app","10.91-REL-20240612.100858","sha256:fb0982b97fe0932782e7d14d64d5a468970c77903effc81553f714069983377d","linux:amd64:","No","CVE-2019-10202","https://nvd.nist.gov/vuln/detail/CVE-2019-10202 - twistlock","critical","1.9.13",,"2022-05-24",,"jackson-mapper-asl","jar","/opt/batch/chrome-batch-app/lib/jackson-mapper-asl-1.9.13.jar","critical - twistlock","9.8 - twistlock","9.8",,,,,"CVSS:3.1/AV:N/AC:L/PR:N/UI:N/S:U/C:H/I:H/A:H",,"43","11","false",,"twistlock","nvd-status(modified)"
"ibm-maas360-apps-gold-chrome-batch-app","10.91-REL-20240612.100858","sha256:fb0982b97fe0932782e7d14d64d5a468970c77903effc81553f714069983377d","linux:amd64:","Yes","CVE-2019-11236","https://nvd.nist.gov/vuln/detail/CVE-2019-11236 - twistlock","medium","1.24.2","1.24.3","2019-04-15",,"urllib3","python","/usr/lib/python3.6/site-packages/urllib3-1.24.2-py3.6.egg-info","medium - twistlock","6.1 - twistlock","6.1",,,,,"CVSS:3.0/AV:N/AC:L/PR:N/UI:R/S:C/C:L/I:L/A:N",,"22","0","true",,"twistlock","nvd-status(modified)"
"ibm-maas360-apps-gold-chrome-batch-app","10.91-REL-20240612.100858","sha256:fb0982b97fe0932782e7d14d64d5a468970c77903effc81553f714069983377d","linux:amd64:","Yes","CVE-2019-17495","https://nvd.nist.gov/vuln/detail/CVE-2019-17495 - twistlock","critical","3.19.5","3.23.11","2019-10-15",,"swagger-ui","jar","/opt/batch/chrome-batch-app/lib/swagger-ui-3.19.5.jar","critical - twistlock","9.8 - twistlock","9.8",,,,,"CVSS:3.1/AV:N/AC:L/PR:N/UI:N/S:U/C:H/I:H/A:H",,"43","11","false",,"twistlock","nvd-status(modified)"
"ibm-maas360-apps-gold-chrome-batch-app","10.91-REL-20240612.100858","sha256:fb0982b97fe0932782e7d14d64d5a468970c77903effc81553f714069983377d","linux:amd64:","No","CVE-2019-19246","https://access.redhat.com/security/cve/CVE-2019-19246 - twistlock","low","6.8.2-3.el8",,"2019-11-25",,"oniguruma","os",,"low - twistlock","4.8 - twistlock","4.8",,,,,"CVSS:3.1/AV:N/AC:L/PR:N/UI:N/S:U/C:N/I:N/A:H",,"34","6","true",,"twistlock","nvd-status(modified)"
"ibm-maas360-apps-gold-chrome-batch-app","10.91-REL-20240612.100858","sha256:fb0982b97fe0932782e7d14d64d5a468970c77903effc81553f714069983377d","linux:amd64:","Yes","CVE-2020-11971","https://nvd.nist.gov/vuln/detail/CVE-2020-11971 - twistlock","high","2.24.0","3.2.0","2021-05-21",,"camel-core","jar","/opt/batch/chrome-batch-app/lib/camel-core-2.24.0.jar","high - twistlock","7.5 - twistlock","7.5",,,,,"CVSS:3.1/AV:N/AC:L/PR:N/UI:N/S:U/C:H/I:N/A:N",,"43","11","false",,"twistlock","nvd-status(analyzed)"
"ibm-maas360-apps-gold-chrome-batch-app","10.91-REL-20240612.100858","sha256:fb0982b97fe0932782e7d14d64d5a468970c77903effc81553f714069983377d","linux:amd64:","No","CVE-2020-17049","https://access.redhat.com/security/cve/CVE-2020-17049 - twistlock","medium","1.18.2-26.el8_9",,"2020-11-10",,"krb5-libs","os",,"medium - twistlock","7.2 - twistlock","7.2",,,,,"CVSS:3.1/AV:N/AC:H/PR:H/UI:N/S:U/C:H/I:H/A:H",,"22","0","true",,"twistlock","nvd-status(modified)"
"ibm-maas360-apps-gold-chrome-batch-app","10.91-REL-20240612.100858","sha256:fb0982b97fe0932782e7d14d64d5a468970c77903effc81553f714069983377d","linux:amd64:","No","CVE-2020-19188","https://access.redhat.com/security/cve/CVE-2020-19188 - twistlock","low","6.1-10.20180224.el8",,"2023-08-22",,"ncurses-base;ncurses-libs","os",,"low - twistlock","6.5 - twistlock","6.5",,,,,"CVSS:3.1/AV:N/AC:L/PR:N/UI:R/S:U/C:N/I:N/A:H",,"22","0","true",,"twistlock","nvd-status(analyzed)"
"ibm-maas360-apps-gold-chrome-batch-app","10.91-REL-20240612.100858","sha256:fb0982b97fe0932782e7d14d64d5a468970c77903effc81553f714069983377d","linux:amd64:","No","CVE-2020-20703","https://access.redhat.com/security/cve/CVE-2020-20703 - twistlock","low","8.0.1763-19.el8_6.4",,"2023-06-20",,"vim-minimal","os",,"low - twistlock","5.5 - twistlock","5.5",,,,,"CVSS:3.1/AV:N/AC:L/PR:N/UI:N/S:U/C:H/I:H/A:H",,"22","0","true",,"twistlock","nvd-status(undergoing analysis)"
"ibm-maas360-apps-gold-chrome-batch-app","10.91-REL-20240612.100858","sha256:fb0982b97fe0932782e7d14d64d5a468970c77903effc81553f714069983377d","linux:amd64:","Yes","CVE-2020-26137","https://nvd.nist.gov/vuln/detail/CVE-2020-26137 - twistlock","medium","1.24.2","1.25.9","2020-09-30",,"urllib3","python","/usr/lib/python3.6/site-packages/urllib3-1.24.2-py3.6.egg-info","medium - twistlock","6.5 - twistlock","6.5",,,,,"CVSS:3.1/AV:N/AC:L/PR:N/UI:N/S:U/C:L/I:L/A:N",,"22","0","true",,"twistlock","nvd-status(modified)"
"ibm-maas360-apps-gold-chrome-batch-app","10.91-REL-20240612.100858","sha256:fb0982b97fe0932782e7d14d64d5a468970c77903effc81553f714069983377d","linux:amd64:","Yes","CVE-2020-36518","https://nvd.nist.gov/vuln/detail/CVE-2020-36518 - twistlock","high","2.11.1","2.13.2.1","2022-03-11",,"jackson-databind","jar","/opt/batch/chrome-batch-app/lib/ehcache-2.10.9.2.jar","high - twistlock","7.5 - twistlock","7.5",,,,,"CVSS:3.1/AV:N/AC:L/PR:N/UI:N/S:U/C:N/I:N/A:H",,"43","11","false",,"twistlock","nvd-status(analyzed)"
"ibm-maas360-apps-gold-chrome-batch-app","10.91-REL-20240612.100858","sha256:fb0982b97fe0932782e7d14d64d5a468970c77903effc81553f714069983377d","linux:amd64:","Yes","CVE-2021-28168","https://nvd.nist.gov/vuln/detail/CVE-2021-28168 - twistlock","medium","2.31","3.0.2","2021-04-23",,"jersey-common","jar","/opt/batch/chrome-batch-app/lib/ehcache-2.10.9.2.jar","medium - twistlock","6.2 - twistlock","6.2",,,,,"CVSS:3.1/AV:L/AC:L/PR:L/UI:N/S:U/C:H/I:N/A:N",,"43","11","false",,"twistlock","nvd-status(analyzed)"
"ibm-maas360-apps-gold-chrome-batch-app","10.91-REL-20240612.100858","sha256:fb0982b97fe0932782e7d14d64d5a468970c77903effc81553f714069983377d","linux:amd64:","Yes","CVE-2021-28169","https://nvd.nist.gov/vuln/detail/CVE-2021-28169 - twistlock","medium","9.4.39.v20210325","11.0.3","2021-06-09",,"jetty-io","jar","/opt/batch/chrome-batch-app/lib/ehcache-2.10.9.2.jar","medium - twistlock","5.3 - twistlock","5.3",,,,,"CVSS:3.1/AV:N/AC:L/PR:N/UI:N/S:U/C:L/I:N/A:N",,"43","11","false",,"twistlock","nvd-status(analyzed)"
"ibm-maas360-apps-gold-chrome-batch-app","10.91-REL-20240612.100858","sha256:fb0982b97fe0932782e7d14d64d5a468970c77903effc81553f714069983377d","linux:amd64:","No","CVE-2021-31879","https://access.redhat.com/security/cve/CVE-2021-31879 - twistlock","medium","1.19.5-11.el8",,"2021-04-29",,"wget","os",,"medium - twistlock","6.5 - twistlock","6.5",,,,,"CVSS:3.1/AV:N/AC:L/PR:N/UI:R/S:C/C:L/I:L/A:N",,"24","1","true",,"twistlock","nvd-status(analyzed)"
"ibm-maas360-apps-gold-chrome-batch-app","10.91-REL-20240612.100858","sha256:fb0982b97fe0932782e7d14d64d5a468970c77903effc81553f714069983377d","linux:amd64:","Yes","CVE-2021-34428","https://nvd.nist.gov/vuln/detail/CVE-2021-34428 - twistlock","low","9.4.39.v20210325","11.0.3","2021-06-22",,"jetty-io;jetty-server","jar","/opt/batch/chrome-batch-app/lib/ehcache-2.10.9.2.jar","low - twistlock","3.5 - twistlock","3.5",,,,,"CVSS:3.1/AV:P/AC:L/PR:N/UI:N/S:U/C:L/I:L/A:N",,"43","11","false",,"twistlock","nvd-status(analyzed)"
"ibm-maas360-apps-gold-chrome-batch-app","10.91-REL-20240612.100858","sha256:fb0982b97fe0932782e7d14d64d5a468970c77903effc81553f714069983377d","linux:amd64:","Yes","CVE-2021-34429","https://nvd.nist.gov/vuln/detail/CVE-2021-34429 - twistlock","medium","9.4.39.v20210325","11.0.6","2021-07-15",,"jetty-io","jar","/opt/batch/chrome-batch-app/lib/ehcache-2.10.9.2.jar","medium - twistlock","5.3 - twistlock","5.3",,,,,"CVSS:3.1/AV:N/AC:L/PR:N/UI:N/S:U/C:L/I:N/A:N",,"43","11","false",,"twistlock","exploitdb-ref(50478;unverified);nvd-status(analyzed)"
"ibm-maas360-apps-gold-chrome-batch-app","10.91-REL-20240612.100858","sha256:fb0982b97fe0932782e7d14d64d5a468970c77903effc81553f714069983377d","linux:amd64:","Yes","CVE-2021-37533","https://nvd.nist.gov/vuln/detail/CVE-2021-37533 - twistlock","medium","3.8.0","3.9.0","2022-12-03",,"commons-net","jar","/opt/batch/chrome-batch-app/lib/commons-net-3.8.0.jar","medium - twistlock","6.5 - twistlock","6.5",,,,,"CVSS:3.1/AV:N/AC:L/PR:N/UI:R/S:U/C:H/I:N/A:N",,"43","11","false",,"twistlock","nvd-status(analyzed)"
"ibm-maas360-apps-gold-chrome-batch-app","10.91-REL-20240612.100858","sha256:fb0982b97fe0932782e7d14d64d5a468970c77903effc81553f714069983377d","linux:amd64:","No","CVE-2021-39537","https://access.redhat.com/security/cve/CVE-2021-39537 - twistlock","low","6.1-10.20180224.el8",,"2021-09-20",,"ncurses-base;ncurses-libs","os",,"low - twistlock","5.5 - twistlock","5.5",,,,,"CVSS:3.1/AV:N/AC:L/PR:N/UI:R/S:U/C:H/I:H/A:H",,"22","0","true",,"twistlock","nvd-status(modified)"
"ibm-maas360-apps-gold-chrome-batch-app","10.91-REL-20240612.100858","sha256:fb0982b97fe0932782e7d14d64d5a468970c77903effc81553f714069983377d","linux:amd64:","Yes","CVE-2021-40690","https://nvd.nist.gov/vuln/detail/CVE-2021-40690 - twistlock","high","1.5.8","2.2.3","2021-09-19",,"xmlsec","jar","/opt/batch/chrome-batch-app/lib/xmlsec-1.5.8.jar","high - twistlock","7.5 - twistlock","7.5",,,,,"CVSS:3.1/AV:N/AC:L/PR:N/UI:N/S:U/C:H/I:N/A:N",,"43","11","false",,"twistlock","nvd-status(modified)"
"ibm-maas360-apps-gold-chrome-batch-app","10.91-REL-20240612.100858","sha256:fb0982b97fe0932782e7d14d64d5a468970c77903effc81553f714069983377d","linux:amd64:","Yes","CVE-2021-43618","https://access.redhat.com/errata/RHSA-2024:1102 - twistlock","medium","6.1.2-10.el8","6.1.2-11.el8_8.1","2021-11-15",,"gmp","os",,"medium - twistlock","6.2 - twistlock","6.2",,,,,"CVSS:3.1/AV:N/AC:L/PR:N/UI:N/S:U/C:N/I:N/A:H",,"22","0","true",,"twistlock","nvd-status(modified)"
"ibm-maas360-apps-gold-chrome-batch-app","10.91-REL-20240612.100858","sha256:fb0982b97fe0932782e7d14d64d5a468970c77903effc81553f714069983377d","linux:amd64:","Yes","CVE-2021-46877","https://nvd.nist.gov/vuln/detail/CVE-2021-46877 - twistlock","high","2.11.1","2.13.1","2023-03-18",,"jackson-databind","jar","/opt/batch/chrome-batch-app/lib/ehcache-2.10.9.2.jar","high - twistlock","7.5 - twistlock","7.5",,,,,"CVSS:3.1/AV:N/AC:L/PR:N/UI:N/S:U/C:N/I:N/A:H",,"43","11","false",,"twistlock","nvd-status(analyzed)"
"ibm-maas360-apps-gold-chrome-batch-app","10.91-REL-20240612.100858","sha256:fb0982b97fe0932782e7d14d64d5a468970c77903effc81553f714069983377d","linux:amd64:","Yes","CVE-2022-2047","https://nvd.nist.gov/vuln/detail/CVE-2022-2047 - twistlock","low","9.4.39.v20210325","11.0.10;11.0.13","2022-07-07",,"jetty-http;jetty-io","jar","/opt/batch/chrome-batch-app/lib/ehcache-2.10.9.2.jar","low - twistlock","2.7 - twistlock","2.7",,,,,"CVSS:3.1/AV:N/AC:L/PR:H/UI:N/S:U/C:N/I:L/A:N",,"43","11","false",,"twistlock","nvd-status(analyzed)"
"ibm-maas360-apps-gold-chrome-batch-app","10.91-REL-20240612.100858","sha256:fb0982b97fe0932782e7d14d64d5a468970c77903effc81553f714069983377d","linux:amd64:","Yes","CVE-2022-2048","https://nvd.nist.gov/vuln/detail/CVE-2022-2048 - twistlock","high","9.4.39.v20210325","11.0.9","2022-07-07",,"jetty-io","jar","/opt/batch/chrome-batch-app/lib/ehcache-2.10.9.2.jar","high - twistlock","7.5 - twistlock","7.5",,,,,"CVSS:3.1/AV:N/AC:L/PR:N/UI:N/S:U/C:N/I:N/A:H",,"43","11","false",,"twistlock","nvd-status(analyzed)"
"ibm-maas360-apps-gold-chrome-batch-app","10.91-REL-20240612.100858","sha256:fb0982b97fe0932782e7d14d64d5a468970c77903effc81553f714069983377d","linux:amd64:","No","CVE-2022-2182","https://access.redhat.com/security/cve/CVE-2022-2182 - twistlock","low","8.0.1763-19.el8_6.4",,"2022-06-23",,"vim-minimal","os",,"low - twistlock","7.8 - twistlock","7.8",,,,,"CVSS:3.1/AV:L/AC:L/PR:N/UI:R/S:U/C:H/I:H/A:H",,"22","0","true",,"twistlock","nvd-status(modified)"
"ibm-maas360-apps-gold-chrome-batch-app","10.91-REL-20240612.100858","sha256:fb0982b97fe0932782e7d14d64d5a468970c77903effc81553f714069983377d","linux:amd64:","Yes","CVE-2022-26336","https://nvd.nist.gov/vuln/detail/CVE-2022-26336 - twistlock","medium","4.1.1","5.2.1","2022-03-04",,"poi-ooxml;poi-scratchpad","jar","/opt/batch/chrome-batch-app/lib/poi-ooxml-4.1.1.jar;/opt/batch/chrome-batch-app/lib/poi-scratchpad-4.1.1.jar","medium - twistlock","5.5 - twistlock","5.5",,,,,"CVSS:3.1/AV:L/AC:L/PR:N/UI:R/S:U/C:N/I:N/A:H",,"43","11","false",,"twistlock","nvd-status(analyzed)"
"ibm-maas360-apps-gold-chrome-batch-app","10.91-REL-20240612.100858","sha256:fb0982b97fe0932782e7d14d64d5a468970c77903effc81553f714069983377d","linux:amd64:","No","CVE-2022-2923","https://access.redhat.com/security/cve/CVE-2022-2923 - twistlock","low","8.0.1763-19.el8_6.4",,"2022-08-22",,"vim-minimal","os",,"low - twistlock","5.5 - twistlock","5.5",,,,,"CVSS:3.1/AV:L/AC:L/PR:N/UI:R/S:U/C:N/I:N/A:H",,"22","0","true",,"twistlock","nvd-status(modified)"
"ibm-maas360-apps-gold-chrome-batch-app","10.91-REL-20240612.100858","sha256:fb0982b97fe0932782e7d14d64d5a468970c77903effc81553f714069983377d","linux:amd64:","Yes","CVE-2022-31159","https://nvd.nist.gov/vuln/detail/CVE-2022-31159 - twistlock","high","1.11.986","1.12.261","2022-07-15",,"aws-java-sdk-s3","jar","/opt/batch/chrome-batch-app/lib/aws-java-sdk-s3-1.11.986.jar","high - twistlock","7.9 - twistlock","7.9",,,,,"CVSS:3.1/AV:N/AC:L/PR:L/UI:N/S:U/C:H/I:N/A:N",,"43","11","false",,"twistlock","nvd-status(analyzed)"
"ibm-maas360-apps-gold-chrome-batch-app","10.91-REL-20240612.100858","sha256:fb0982b97fe0932782e7d14d64d5a468970c77903effc81553f714069983377d","linux:amd64:","Yes","CVE-2022-40897","https://access.redhat.com/errata/RHSA-2023:7395 - twistlock;https://nvd.nist.gov/vuln/detail/CVE-2022-40897 - twistlock","medium","39.2.0-7.el8;39.2.0","39.2.0-7.el8_6;65.5.1","2022-12-23",,"platform-python-setuptools;python3-setuptools-wheel;setuptools","os;python","/usr/lib/python3.6/site-packages/setuptools-39.2.0.dist-info","medium - twistlock","5.9 - twistlock","5.9",,,,,"CVSS:3.1/AV:N/AC:H/PR:N/UI:N/S:U/C:N/I:N/A:H",,"22","0","true",,"twistlock","nvd-status(modified)"
"ibm-maas360-apps-gold-chrome-batch-app","10.91-REL-20240612.100858","sha256:fb0982b97fe0932782e7d14d64d5a468970c77903effc81553f714069983377d","linux:amd64:","Yes","CVE-2022-42003","https://nvd.nist.gov/vuln/detail/CVE-2022-42003 - twistlock","high","2.11.1","2.13.4.1","2022-10-02",,"jackson-databind","jar","/opt/batch/chrome-batch-app/lib/ehcache-2.10.9.2.jar","high - twistlock","7.5 - twistlock","7.5",,,,,"CVSS:3.1/AV:N/AC:L/PR:N/UI:N/S:U/C:N/I:N/A:H",,"43","11","false",,"twistlock","nvd-status(modified)"
"ibm-maas360-apps-gold-chrome-batch-app","10.91-REL-20240612.100858","sha256:fb0982b97fe0932782e7d14d64d5a468970c77903effc81553f714069983377d","linux:amd64:","Yes","CVE-2022-42004","https://nvd.nist.gov/vuln/detail/CVE-2022-42004 - twistlock","high","2.11.1","2.13.4","2022-10-02",,"jackson-databind","jar","/opt/batch/chrome-batch-app/lib/ehcache-2.10.9.2.jar","high - twistlock","7.5 - twistlock","7.5",,,,,"CVSS:3.1/AV:N/AC:L/PR:N/UI:N/S:U/C:N/I:N/A:H",,"43","11","false",,"twistlock","nvd-status(analyzed)"
"ibm-maas360-apps-gold-chrome-batch-app","10.91-REL-20240612.100858","sha256:fb0982b97fe0932782e7d14d64d5a468970c77903effc81553f714069983377d","linux:amd64:","Yes","CVE-2022-45688","https://nvd.nist.gov/vuln/detail/CVE-2022-45688 - twistlock","high","20160212","20230227","2022-12-13",,"json","jar","/opt/batch/chrome-batch-app/lib/json-20160212.jar","high - twistlock","7.5 - twistlock","7.5",,,,,"CVSS:3.1/AV:N/AC:L/PR:N/UI:N/S:U/C:N/I:N/A:H",,"43","11","false",,"twistlock","nvd-status(analyzed)"
"ibm-maas360-apps-gold-chrome-batch-app","10.91-REL-20240612.100858","sha256:fb0982b97fe0932782e7d14d64d5a468970c77903effc81553f714069983377d","linux:amd64:","No","CVE-2022-47007","https://access.redhat.com/security/cve/CVE-2022-47007 - twistlock","low","8.2-20.el8",,"2023-08-22",,"gdb-gdbserver","os",,"low - twistlock","5.5 - twistlock","5.5",,,,,"CVSS:3.1/AV:L/AC:L/PR:N/UI:R/S:U/C:N/I:N/A:H",,"22","0","true",,"twistlock","nvd-status(analyzed)"
"ibm-maas360-apps-gold-chrome-batch-app","10.91-REL-20240612.100858","sha256:fb0982b97fe0932782e7d14d64d5a468970c77903effc81553f714069983377d","linux:amd64:","No","CVE-2022-47010","https://access.redhat.com/security/cve/CVE-2022-47010 - twistlock","low","8.2-20.el8",,"2023-08-22",,"gdb-gdbserver","os",,"low - twistlock","5.5 - twistlock","5.5",,,,,"CVSS:3.1/AV:L/AC:L/PR:N/UI:R/S:U/C:N/I:N/A:H",,"22","0","true",,"twistlock","nvd-status(analyzed)"
"ibm-maas360-apps-gold-chrome-batch-app","10.91-REL-20240612.100858","sha256:fb0982b97fe0932782e7d14d64d5a468970c77903effc81553f714069983377d","linux:amd64:","No","CVE-2022-47011","https://access.redhat.com/security/cve/CVE-2022-47011 - twistlock","low","8.2-20.el8",,"2023-08-22",,"gdb-gdbserver","os",,"low - twistlock","5.5 - twistlock","5.5",,,,,"CVSS:3.1/AV:L/AC:L/PR:N/UI:R/S:U/C:N/I:N/A:H",,"22","0","true",,"twistlock","nvd-status(analyzed)"
"ibm-maas360-apps-gold-chrome-batch-app","10.91-REL-20240612.100858","sha256:fb0982b97fe0932782e7d14d64d5a468970c77903effc81553f714069983377d","linux:amd64:","Yes","CVE-2022-48468","https://access.redhat.com/errata/RHSA-2024:0406 - twistlock","medium","1.3.0-8.el8","1.3.0-8.el8_8","2023-04-13",,"protobuf-c","os",,"medium - twistlock","6.2 - twistlock","6.2",,,,,"CVSS:3.1/AV:L/AC:L/PR:L/UI:N/S:U/C:N/I:N/A:H",,"24","1","true",,"twistlock","nvd-status(awaiting analysis)"
"ibm-maas360-apps-gold-chrome-batch-app","10.91-REL-20240612.100858","sha256:fb0982b97fe0932782e7d14d64d5a468970c77903effc81553f714069983377d","linux:amd64:","Yes","CVE-2023-0833","https://nvd.nist.gov/vuln/detail/CVE-2023-0833 - twistlock","medium","3.12.0","4.9.2","2023-09-27",,"okhttp","jar","/opt/batch/chrome-batch-app/lib/okhttp-3.12.0.jar","medium - twistlock","5.5 - twistlock","5.5",,,,,"CVSS:3.1/AV:L/AC:L/PR:L/UI:N/S:U/C:H/I:N/A:N",,"43","11","false",,"twistlock","nvd-status(analyzed)"
"ibm-maas360-apps-gold-chrome-batch-app","10.91-REL-20240612.100858","sha256:fb0982b97fe0932782e7d14d64d5a468970c77903effc81553f714069983377d","linux:amd64:","Yes","CVE-2023-21930","https://nvd.nist.gov/vuln/detail/CVE-2023-21930 - twistlock","high","1.8.0_401","17.0.7","2023-04-18",,"java","app","/opt/ibm/java/jre/bin/java","high - twistlock","7.4 - twistlock","7.4",,,,,"CVSS:3.1/AV:N/AC:H/PR:N/UI:N/S:U/C:H/I:H/A:N",,"27","2","true",,"twistlock","nvd-status(undergoing analysis)"
"ibm-maas360-apps-gold-chrome-batch-app","10.91-REL-20240612.100858","sha256:fb0982b97fe0932782e7d14d64d5a468970c77903effc81553f714069983377d","linux:amd64:","Yes","CVE-2023-21937","https://nvd.nist.gov/vuln/detail/CVE-2023-21937 - twistlock","low","1.8.0_401","17.0.7","2023-04-18",,"java","app","/opt/ibm/java/jre/bin/java","low - twistlock","3.7 - twistlock","3.7",,,,,"CVSS:3.1/AV:N/AC:H/PR:N/UI:N/S:U/C:N/I:L/A:N",,"27","2","true",,"twistlock","nvd-status(undergoing analysis)"
"ibm-maas360-apps-gold-chrome-batch-app","10.91-REL-20240612.100858","sha256:fb0982b97fe0932782e7d14d64d5a468970c77903effc81553f714069983377d","linux:amd64:","Yes","CVE-2023-21938","https://nvd.nist.gov/vuln/detail/CVE-2023-21938 - twistlock","low","1.8.0_401","17.0.7","2023-04-18",,"java","app","/opt/ibm/java/jre/bin/java","low - twistlock","3.7 - twistlock","3.7",,,,,"CVSS:3.1/AV:N/AC:H/PR:N/UI:N/S:U/C:N/I:L/A:N",,"27","2","true",,"twistlock","nvd-status(undergoing analysis)"
"ibm-maas360-apps-gold-chrome-batch-app","10.91-REL-20240612.100858","sha256:fb0982b97fe0932782e7d14d64d5a468970c77903effc81553f714069983377d","linux:amd64:","Yes","CVE-2023-21939","https://nvd.nist.gov/vuln/detail/CVE-2023-21939 - twistlock","medium","1.8.0_401","17.0.7","2023-04-18",,"java","app","/opt/ibm/java/jre/bin/java","medium - twistlock","5.3 - twistlock","5.3",,,,,"CVSS:3.1/AV:N/AC:L/PR:N/UI:N/S:U/C:N/I:L/A:N",,"27","2","true",,"twistlock","nvd-status(undergoing analysis)"
"ibm-maas360-apps-gold-chrome-batch-app","10.91-REL-20240612.100858","sha256:fb0982b97fe0932782e7d14d64d5a468970c77903effc81553f714069983377d","linux:amd64:","Yes","CVE-2023-21954","https://nvd.nist.gov/vuln/detail/CVE-2023-21954 - twistlock","medium","1.8.0_401","17.0.7","2023-04-18",,"java","app","/opt/ibm/java/jre/bin/java","medium - twistlock","5.9 - twistlock","5.9",,,,,"CVSS:3.1/AV:N/AC:H/PR:N/UI:N/S:U/C:H/I:N/A:N",,"27","2","true",,"twistlock","nvd-status(undergoing analysis)"
"ibm-maas360-apps-gold-chrome-batch-app","10.91-REL-20240612.100858","sha256:fb0982b97fe0932782e7d14d64d5a468970c77903effc81553f714069983377d","linux:amd64:","Yes","CVE-2023-21967","https://nvd.nist.gov/vuln/detail/CVE-2023-21967 - twistlock","medium","1.8.0_401","17.0.7","2023-04-18",,"java","app","/opt/ibm/java/jre/bin/java","medium - twistlock","5.9 - twistlock","5.9",,,,,"CVSS:3.1/AV:N/AC:H/PR:N/UI:N/S:U/C:N/I:N/A:H",,"27","2","true",,"twistlock","nvd-status(undergoing analysis)"
"ibm-maas360-apps-gold-chrome-batch-app","10.91-REL-20240612.100858","sha256:fb0982b97fe0932782e7d14d64d5a468970c77903effc81553f714069983377d","linux:amd64:","Yes","CVE-2023-26048","https://nvd.nist.gov/vuln/detail/CVE-2023-26048 - twistlock","medium","9.4.39.v20210325","11.0.14","2023-04-18",,"jetty-io;jetty-server","jar","/opt/batch/chrome-batch-app/lib/ehcache-2.10.9.2.jar","medium - twistlock","5.3 - twistlock","5.3",,,,,"CVSS:3.1/AV:N/AC:L/PR:N/UI:N/S:U/C:N/I:N/A:L",,"43","11","false",,"twistlock","nvd-status(awaiting analysis)"
"ibm-maas360-apps-gold-chrome-batch-app","10.91-REL-20240612.100858","sha256:fb0982b97fe0932782e7d14d64d5a468970c77903effc81553f714069983377d","linux:amd64:","Yes","CVE-2023-26049","https://nvd.nist.gov/vuln/detail/CVE-2023-26049 - twistlock","medium","9.4.39.v20210325","12.0.0.beta0;11.0.14","2023-04-18",,"jetty-server;jetty-io","jar","/opt/batch/chrome-batch-app/lib/ehcache-2.10.9.2.jar","low - twistlock;medium - twistlock","2.4 - twistlock;5.3 - twistlock","5.3",,,,,"CVSS:3.1/AV:N/AC:L/PR:N/UI:N/S:U/C:L/I:N/A:N",,"43","11","false",,"twistlock","nvd-status(awaiting analysis)"
"ibm-maas360-apps-gold-chrome-batch-app","10.91-REL-20240612.100858","sha256:fb0982b97fe0932782e7d14d64d5a468970c77903effc81553f714069983377d","linux:amd64:","Yes","CVE-2023-28322","https://access.redhat.com/errata/RHSA-2024:1601 - twistlock","low","7.61.1-33.el8","7.61.1-33.el8_9.5","2023-05-26",,"curl;libcurl","os",,"low - twistlock","3.7 - twistlock","3.7",,,,,"CVSS:3.1/AV:N/AC:H/PR:N/UI:N/S:U/C:L/I:N/A:N",,"22","0","true",,"twistlock","nvd-status(undergoing analysis)"
"ibm-maas360-apps-gold-chrome-batch-app","10.91-REL-20240612.100858","sha256:fb0982b97fe0932782e7d14d64d5a468970c77903effc81553f714069983377d","linux:amd64:","No","CVE-2023-29499","https://access.redhat.com/security/cve/CVE-2023-29499 - twistlock","low","2.56.4-161.el8",,"2023-09-14",,"glib2","os",,"low - twistlock","6.2 - twistlock","6.2",,,,,"CVSS:3.1/AV:N/AC:L/PR:N/UI:N/S:U/C:N/I:N/A:H",,"22","0","true",,"twistlock","nvd-status(awaiting analysis)"
"ibm-maas360-apps-gold-chrome-batch-app","10.91-REL-20240612.100858","sha256:fb0982b97fe0932782e7d14d64d5a468970c77903effc81553f714069983377d","linux:amd64:","No","CVE-2023-2953","https://access.redhat.com/security/cve/CVE-2023-2953 - twistlock","low","2.4.46-18.el8",,"2023-05-30",,"openldap","os",,"low - twistlock","7.1 - twistlock","7.1",,,,,"CVSS:3.1/AV:N/AC:L/PR:N/UI:N/S:U/C:N/I:N/A:H",,"22","0","true",,"twistlock","nvd-status(awaiting analysis)"
"ibm-maas360-apps-gold-chrome-batch-app","10.91-REL-20240612.100858","sha256:fb0982b97fe0932782e7d14d64d5a468970c77903effc81553f714069983377d","linux:amd64:","No","CVE-2023-32611","https://access.redhat.com/security/cve/CVE-2023-32611 - twistlock","low","2.56.4-161.el8",,"2023-09-14",,"glib2","os",,"low - twistlock","6.5 - twistlock","6.5",,,,,"CVSS:3.1/AV:L/AC:L/PR:N/UI:R/S:U/C:N/I:N/A:H",,"22","0","true",,"twistlock","nvd-status(awaiting analysis)"
"ibm-maas360-apps-gold-chrome-batch-app","10.91-REL-20240612.100858","sha256:fb0982b97fe0932782e7d14d64d5a468970c77903effc81553f714069983377d","linux:amd64:","No","CVE-2023-32665","https://access.redhat.com/security/cve/CVE-2023-32665 - twistlock","low","2.56.4-161.el8",,"2023-09-14",,"glib2","os",,"low - twistlock","6.5 - twistlock","6.5",,,,,"CVSS:3.1/AV:L/AC:L/PR:N/UI:R/S:U/C:N/I:N/A:H",,"22","0","true",,"twistlock","nvd-status(awaiting analysis)"
"ibm-maas360-apps-gold-chrome-batch-app","10.91-REL-20240612.100858","sha256:fb0982b97fe0932782e7d14d64d5a468970c77903effc81553f714069983377d","linux:amd64:","Yes","CVE-2023-32681","https://nvd.nist.gov/vuln/detail/CVE-2023-32681 - twistlock","medium","2.20.0","2.31.0","2023-05-26",,"requests","python","/usr/lib/python3.6/site-packages/requests-2.20.0-py3.6.egg-info","medium - twistlock","6.1 - twistlock","6.1",,,,,"CVSS:3.1/AV:N/AC:H/PR:N/UI:R/S:C/C:H/I:N/A:N",,"22","0","true",,"twistlock","nvd-status(awaiting analysis)"
"ibm-maas360-apps-gold-chrome-batch-app","10.91-REL-20240612.100858","sha256:fb0982b97fe0932782e7d14d64d5a468970c77903effc81553f714069983377d","linux:amd64:","Yes","CVE-2023-34040","https://nvd.nist.gov/vuln/detail/CVE-2023-34040 - twistlock","high","2.8.11","3.0.10","2023-08-24",,"spring-kafka","jar","/opt/batch/chrome-batch-app/lib/spring-kafka-2.8.11.jar","high - twistlock","7.8 - twistlock","7.8",,,,,"CVSS:3.1/AV:L/AC:L/PR:L/UI:N/S:U/C:H/I:H/A:H",,"43","11","false",,"twistlock","nvd-status(analyzed)"
"ibm-maas360-apps-gold-chrome-batch-app","10.91-REL-20240612.100858","sha256:fb0982b97fe0932782e7d14d64d5a468970c77903effc81553f714069983377d","linux:amd64:","Yes","CVE-2023-3635","https://nvd.nist.gov/vuln/detail/CVE-2023-3635 - twistlock","medium","1.15.0","3.4.0","2023-07-12",,"okio","jar","/opt/batch/chrome-batch-app/lib/okio-1.15.0.jar","medium - twistlock","5.9 - twistlock","5.9",,,,,"CVSS:3.1/AV:N/AC:L/PR:N/UI:N/S:U/C:N/I:N/A:H",,"43","11","false",,"twistlock","nvd-status(awaiting analysis)"
"ibm-maas360-apps-gold-chrome-batch-app","10.91-REL-20240612.100858","sha256:fb0982b97fe0932782e7d14d64d5a468970c77903effc81553f714069983377d","linux:amd64:","Yes","CVE-2023-36478","https://nvd.nist.gov/vuln/detail/CVE-2023-36478 - twistlock","high","9.4.39.v20210325","11.0.16","2023-10-10",,"jetty-io","jar","/opt/batch/chrome-batch-app/lib/ehcache-2.10.9.2.jar","high - twistlock","7.5 - twistlock","7.5",,,,,"CVSS:3.1/AV:N/AC:L/PR:N/UI:N/S:U/C:N/I:N/A:H",,"43","11","false",,"twistlock","nvd-status(awaiting analysis)"
"ibm-maas360-apps-gold-chrome-batch-app","10.91-REL-20240612.100858","sha256:fb0982b97fe0932782e7d14d64d5a468970c77903effc81553f714069983377d","linux:amd64:","Yes","CVE-2023-36479","https://nvd.nist.gov/vuln/detail/CVE-2023-36479 - twistlock","medium","9.4.39.v20210325","11.0.16","2023-09-15",,"jetty-io","jar","/opt/batch/chrome-batch-app/lib/ehcache-2.10.9.2.jar","medium - twistlock","4.3 - twistlock","4.3",,,,,"CVSS:3.1/AV:N/AC:L/PR:L/UI:N/S:U/C:N/I:L/A:N",,"43","11","false",,"twistlock","nvd-status(analyzed)"
"ibm-maas360-apps-gold-chrome-batch-app","10.91-REL-20240612.100858","sha256:fb0982b97fe0932782e7d14d64d5a468970c77903effc81553f714069983377d","linux:amd64:","Yes","CVE-2023-38546","https://access.redhat.com/errata/RHSA-2024:1601 - twistlock","low","7.61.1-33.el8","7.61.1-33.el8_9.5","2023-10-18",,"curl;libcurl","os",,"low - twistlock","3.7 - twistlock","3.7",,,,,"CVSS:3.1/AV:N/AC:H/PR:N/UI:N/S:U/C:N/I:L/A:N",,"22","0","true",,"twistlock","nvd-status(awaiting analysis)"
"ibm-maas360-apps-gold-chrome-batch-app","10.91-REL-20240612.100858","sha256:fb0982b97fe0932782e7d14d64d5a468970c77903effc81553f714069983377d","linux:amd64:","Yes","CVE-2023-40167","https://nvd.nist.gov/vuln/detail/CVE-2023-40167 - twistlock","medium","9.4.39.v20210325","12.0.1","2023-09-15",,"jetty-http;jetty-io","jar","/opt/batch/chrome-batch-app/lib/ehcache-2.10.9.2.jar","medium - twistlock","5.3 - twistlock","5.3",,,,,"CVSS:3.1/AV:N/AC:L/PR:N/UI:N/S:U/C:N/I:L/A:N",,"43","11","false",,"twistlock","nvd-status(analyzed)"
"ibm-maas360-apps-gold-chrome-batch-app","10.91-REL-20240612.100858","sha256:fb0982b97fe0932782e7d14d64d5a468970c77903effc81553f714069983377d","linux:amd64:","No","CVE-2023-40743","https://nvd.nist.gov/vuln/detail/CVE-2023-40743 - twistlock","critical","1.4",,"2023-09-05",,"axis","jar","/opt/batch/chrome-batch-app/lib/axis-1.4.jar","critical - twistlock","9.8 - twistlock","9.8",,,,,"CVSS:3.1/AV:N/AC:L/PR:N/UI:N/S:U/C:H/I:H/A:H",,"43","11","false",,"twistlock","nvd-status(awaiting analysis)"
"ibm-maas360-apps-gold-chrome-batch-app","10.91-REL-20240612.100858","sha256:fb0982b97fe0932782e7d14d64d5a468970c77903effc81553f714069983377d","linux:amd64:","Yes","CVE-2023-41900","https://nvd.nist.gov/vuln/detail/CVE-2023-41900 - twistlock","medium","9.4.39.v20210325","11.0.16","2023-09-15",,"jetty-io","jar","/opt/batch/chrome-batch-app/lib/ehcache-2.10.9.2.jar","medium - twistlock","4.3 - twistlock","4.3",,,,,"CVSS:3.1/AV:N/AC:L/PR:L/UI:N/S:U/C:L/I:N/A:N",,"43","11","false",,"twistlock","nvd-status(analyzed)"
"ibm-maas360-apps-gold-chrome-batch-app","10.91-REL-20240612.100858","sha256:fb0982b97fe0932782e7d14d64d5a468970c77903effc81553f714069983377d","linux:amd64:","Yes","CVE-2023-41993","https://nvd.nist.gov/vuln/detail/CVE-2023-41993 - twistlock","critical","1.8.0_401","1.9.1","2023-09-21",,"java","app","/opt/ibm/java/jre/bin/java","critical - twistlock","9.8 - twistlock","9.8",,,,,"CVSS:3.1/AV:N/AC:L/PR:N/UI:N/S:U/C:H/I:H/A:H",,"27","2","true",,"twistlock","cisa-kev;nvd-status(undergoing analysis)"
"ibm-maas360-apps-gold-chrome-batch-app","10.91-REL-20240612.100858","sha256:fb0982b97fe0932782e7d14d64d5a468970c77903effc81553f714069983377d","linux:amd64:","Yes","CVE-2023-43804","https://nvd.nist.gov/vuln/detail/CVE-2023-43804 - twistlock","high","1.24.2","2.0.6","2023-10-04",,"urllib3","python","/usr/lib/python3.6/site-packages/urllib3-1.24.2-py3.6.egg-info","high - twistlock","8.1 - twistlock","8.1",,,,,"CVSS:3.1/AV:N/AC:L/PR:L/UI:N/S:U/C:H/I:H/A:N",,"22","0","true",,"twistlock","nvd-status(undergoing analysis)"
"ibm-maas360-apps-gold-chrome-batch-app","10.91-REL-20240612.100858","sha256:fb0982b97fe0932782e7d14d64d5a468970c77903effc81553f714069983377d","linux:amd64:","Yes","CVE-2023-44483","https://nvd.nist.gov/vuln/detail/CVE-2023-44483 - twistlock","medium","1.5.8","3.0.3","2023-10-20",,"xmlsec","jar","/opt/batch/chrome-batch-app/lib/xmlsec-1.5.8.jar","medium - twistlock","6.5 - twistlock","6.5",,,,,"CVSS:3.1/AV:N/AC:L/PR:L/UI:N/S:U/C:H/I:N/A:N",,"43","11","false",,"twistlock","nvd-status(awaiting analysis)"
"ibm-maas360-apps-gold-chrome-batch-app","10.91-REL-20240612.100858","sha256:fb0982b97fe0932782e7d14d64d5a468970c77903effc81553f714069983377d","linux:amd64:","Yes","CVE-2023-44487","https://nvd.nist.gov/vuln/detail/CVE-2023-44487 - twistlock","high","9.4.39.v20210325","12.0.2","2023-10-10",,"jetty-io","jar","/opt/batch/chrome-batch-app/lib/ehcache-2.10.9.2.jar","high - twistlock","7.5 - twistlock","7.5",,,,,"CVSS:3.1/AV:N/AC:L/PR:N/UI:N/S:U/C:N/I:N/A:H",,"43","11","false",,"twistlock","cisa-kev;nvd-status(awaiting analysis)"
"ibm-maas360-apps-gold-chrome-batch-app","10.91-REL-20240612.100858","sha256:fb0982b97fe0932782e7d14d64d5a468970c77903effc81553f714069983377d","linux:amd64:","Yes","CVE-2023-45803","https://nvd.nist.gov/vuln/detail/CVE-2023-45803 - twistlock","medium","1.24.2","2.0.7","2023-10-17",,"urllib3","python","/usr/lib/python3.6/site-packages/urllib3-1.24.2-py3.6.egg-info","medium - twistlock","4.2 - twistlock","4.2",,,,,"CVSS:3.1/AV:A/AC:H/PR:H/UI:N/S:U/C:H/I:N/A:N",,"22","0","true",,"twistlock","nvd-status(undergoing analysis)"
"ibm-maas360-apps-gold-chrome-batch-app","10.91-REL-20240612.100858","sha256:fb0982b97fe0932782e7d14d64d5a468970c77903effc81553f714069983377d","linux:amd64:","Yes","CVE-2023-46218","https://access.redhat.com/errata/RHSA-2024:1601 - twistlock","medium","7.61.1-33.el8","7.61.1-33.el8_9.5","2023-12-07",,"curl;libcurl","os",,"medium - twistlock","5.3 - twistlock","5.3",,,,,"CVSS:3.1/AV:N/AC:L/PR:N/UI:N/S:U/C:L/I:L/A:N",,"22","0","true",,"twistlock","nvd-status(undergoing analysis)"
"ibm-maas360-apps-gold-chrome-batch-app","10.91-REL-20240612.100858","sha256:fb0982b97fe0932782e7d14d64d5a468970c77903effc81553f714069983377d","linux:amd64:","No","CVE-2023-4733","https://access.redhat.com/security/cve/CVE-2023-4733 - twistlock","low","8.0.1763-19.el8_6.4",,"2023-09-04",,"vim-minimal","os",,"low - twistlock","7 - twistlock","7",,,,,"CVSS:3.1/AV:L/AC:L/PR:N/UI:R/S:U/C:H/I:H/A:H",,"22","0","true",,"twistlock","nvd-status(awaiting analysis)"
"ibm-maas360-apps-gold-chrome-batch-app","10.91-REL-20240612.100858","sha256:fb0982b97fe0932782e7d14d64d5a468970c77903effc81553f714069983377d","linux:amd64:","No","CVE-2023-4750","https://access.redhat.com/security/cve/CVE-2023-4750 - twistlock","low","8.0.1763-19.el8_6.4",,"2023-09-04",,"vim-minimal","os",,"low - twistlock","7 - twistlock","7",,,,,"CVSS:3.1/AV:L/AC:L/PR:N/UI:R/S:U/C:H/I:H/A:H",,"22","0","true",,"twistlock","nvd-status(awaiting analysis)"
"ibm-maas360-apps-gold-chrome-batch-app","10.91-REL-20240612.100858","sha256:fb0982b97fe0932782e7d14d64d5a468970c77903effc81553f714069983377d","linux:amd64:","No","CVE-2023-48231","https://access.redhat.com/security/cve/CVE-2023-48231 - twistlock","low","8.0.1763-19.el8_6.4",,"2023-11-16",,"vim-minimal","os",,"low - twistlock","4.3 - twistlock","4.3",,,,,"CVSS:3.1/AV:N/AC:L/PR:N/UI:R/S:U/C:N/I:N/A:L",,"22","0","true",,"twistlock","nvd-status(awaiting analysis)"
"ibm-maas360-apps-gold-chrome-batch-app","10.91-REL-20240612.100858","sha256:fb0982b97fe0932782e7d14d64d5a468970c77903effc81553f714069983377d","linux:amd64:","No","CVE-2023-48232","https://access.redhat.com/security/cve/CVE-2023-48232 - twistlock","low","8.0.1763-19.el8_6.4",,"2023-11-16",,"vim-minimal","os",,"low - twistlock","4.3 - twistlock","4.3",,,,,"CVSS:3.1/AV:N/AC:L/PR:N/UI:R/S:U/C:N/I:N/A:L",,"22","0","true",,"twistlock","nvd-status(awaiting analysis)"
"ibm-maas360-apps-gold-chrome-batch-app","10.91-REL-20240612.100858","sha256:fb0982b97fe0932782e7d14d64d5a468970c77903effc81553f714069983377d","linux:amd64:","No","CVE-2023-48233","https://access.redhat.com/security/cve/CVE-2023-48233 - twistlock","low","8.0.1763-19.el8_6.4",,"2023-11-16",,"vim-minimal","os",,"low - twistlock","4.3 - twistlock","4.3",,,,,"CVSS:3.1/AV:N/AC:L/PR:N/UI:R/S:U/C:N/I:N/A:L",,"22","0","true",,"twistlock","nvd-status(awaiting analysis)"
"ibm-maas360-apps-gold-chrome-batch-app","10.91-REL-20240612.100858","sha256:fb0982b97fe0932782e7d14d64d5a468970c77903effc81553f714069983377d","linux:amd64:","No","CVE-2023-48234","https://access.redhat.com/security/cve/CVE-2023-48234 - twistlock","low","8.0.1763-19.el8_6.4",,"2023-11-16",,"vim-minimal","os",,"low - twistlock","4.3 - twistlock","4.3",,,,,"CVSS:3.1/AV:N/AC:L/PR:N/UI:R/S:U/C:N/I:N/A:L",,"22","0","true",,"twistlock","nvd-status(awaiting analysis)"
"ibm-maas360-apps-gold-chrome-batch-app","10.91-REL-20240612.100858","sha256:fb0982b97fe0932782e7d14d64d5a468970c77903effc81553f714069983377d","linux:amd64:","No","CVE-2023-48235","https://access.redhat.com/security/cve/CVE-2023-48235 - twistlock","low","8.0.1763-19.el8_6.4",,"2023-11-16",,"vim-minimal","os",,"low - twistlock","4.3 - twistlock","4.3",,,,,"CVSS:3.1/AV:N/AC:L/PR:N/UI:R/S:U/C:N/I:N/A:L",,"22","0","true",,"twistlock","nvd-status(awaiting analysis)"
"ibm-maas360-apps-gold-chrome-batch-app","10.91-REL-20240612.100858","sha256:fb0982b97fe0932782e7d14d64d5a468970c77903effc81553f714069983377d","linux:amd64:","No","CVE-2023-48236","https://access.redhat.com/security/cve/CVE-2023-48236 - twistlock","low","8.0.1763-19.el8_6.4",,"2023-11-16",,"vim-minimal","os",,"low - twistlock","4.3 - twistlock","4.3",,,,,"CVSS:3.1/AV:N/AC:L/PR:N/UI:R/S:U/C:N/I:N/A:L",,"22","0","true",,"twistlock","nvd-status(awaiting analysis)"
"ibm-maas360-apps-gold-chrome-batch-app","10.91-REL-20240612.100858","sha256:fb0982b97fe0932782e7d14d64d5a468970c77903effc81553f714069983377d","linux:amd64:","No","CVE-2023-48237","https://access.redhat.com/security/cve/CVE-2023-48237 - twistlock","low","8.0.1763-19.el8_6.4",,"2023-11-16",,"vim-minimal","os",,"low - twistlock","4.3 - twistlock","4.3",,,,,"CVSS:3.1/AV:N/AC:L/PR:N/UI:R/S:U/C:N/I:N/A:L",,"22","0","true",,"twistlock","nvd-status(awaiting analysis)"
"ibm-maas360-apps-gold-chrome-batch-app","10.91-REL-20240612.100858","sha256:fb0982b97fe0932782e7d14d64d5a468970c77903effc81553f714069983377d","linux:amd64:","No","CVE-2023-48706","https://access.redhat.com/security/cve/CVE-2023-48706 - twistlock","low","8.0.1763-19.el8_6.4",,"2023-11-22",,"vim-minimal","os",,"low - twistlock","4.7 - twistlock","4.7",,,,,"CVSS:3.1/AV:L/AC:H/PR:N/UI:R/S:U/C:N/I:N/A:H",,"22","0","true",,"twistlock","nvd-status(awaiting analysis)"
"ibm-maas360-apps-gold-chrome-batch-app","10.91-REL-20240612.100858","sha256:fb0982b97fe0932782e7d14d64d5a468970c77903effc81553f714069983377d","linux:amd64:","Yes","CVE-2023-5072","https://nvd.nist.gov/vuln/detail/CVE-2023-5072 - twistlock","high","20160212","20231013","2023-11-14",,"json","jar","/opt/batch/chrome-batch-app/lib/json-20160212.jar","high - twistlock","7.5 - twistlock","7.5",,,,,"CVSS:3.1/AV:N/AC:L/PR:N/UI:N/S:U/C:N/I:N/A:H",,"43","11","false",,"twistlock","nvd-status(awaiting analysis)"
"ibm-maas360-apps-gold-chrome-batch-app","10.91-REL-20240612.100858","sha256:fb0982b97fe0932782e7d14d64d5a468970c77903effc81553f714069983377d","linux:amd64:","Yes","CVE-2023-52425","https://access.redhat.com/errata/RHSA-2024:2575 - twistlock","medium","2.2.5-11.el8","2.2.5-11.el8_9.1","2024-02-04",,"expat","os",,"medium - twistlock","7.5 - twistlock","7.5",,,,,"CVSS:3.1/AV:N/AC:L/PR:N/UI:N/S:U/C:N/I:N/A:H",,"22","0","true",,"twistlock","nvd-status(undergoing analysis)"
"ibm-maas360-apps-gold-chrome-batch-app","10.91-REL-20240612.100858","sha256:fb0982b97fe0932782e7d14d64d5a468970c77903effc81553f714069983377d","linux:amd64:","No","CVE-2023-52426","https://access.redhat.com/security/cve/CVE-2023-52426 - twistlock","medium","2.2.5-11.el8",,"2024-02-04",,"expat","os",,"medium - twistlock","5.5 - twistlock","5.5",,,,,"CVSS:3.1/AV:L/AC:L/PR:L/UI:N/S:U/C:N/I:N/A:H",,"22","0","true",,"twistlock","nvd-status(undergoing analysis)"
"ibm-maas360-apps-gold-chrome-batch-app","10.91-REL-20240612.100858","sha256:fb0982b97fe0932782e7d14d64d5a468970c77903effc81553f714069983377d","linux:amd64:","No","CVE-2023-5455","https://access.redhat.com/security/cve/CVE-2023-5455 - twistlock","medium","1.18.2-26.el8_9",,"2024-01-10",,"krb5-libs","os",,"medium - twistlock","6.5 - twistlock","6.5",,,,,"CVSS:3.1/AV:N/AC:L/PR:N/UI:R/S:U/C:N/I:H/A:N",,"22","0","true",,"twistlock","nvd-status(awaiting analysis)"
"ibm-maas360-apps-gold-chrome-batch-app","10.91-REL-20240612.100858","sha256:fb0982b97fe0932782e7d14d64d5a468970c77903effc81553f714069983377d","linux:amd64:","Yes","CVE-2023-6004","https://access.redhat.com/errata/RHSA-2024:3233 - twistlock","low","0.9.6-13.el8_9","0.9.6-14.el8","2024-01-03",,"libssh;libssh-config","os",,"low - twistlock","4.8 - twistlock","4.8",,,,,"CVSS:3.1/AV:L/AC:L/PR:L/UI:R/S:U/C:L/I:L/A:L",,"22","0","true",,"twistlock","nvd-status(awaiting analysis)"
"ibm-maas360-apps-gold-chrome-batch-app","10.91-REL-20240612.100858","sha256:fb0982b97fe0932782e7d14d64d5a468970c77903effc81553f714069983377d","linux:amd64:","Yes","CVE-2023-6597","https://access.redhat.com/errata/RHSA-2024:3347 - twistlock","high","3.6.8-56.el8_9.3","3.6.8-62.el8_10","2024-03-19",,"platform-python;python3-libs","os",,"high - twistlock","7.8 - twistlock","7.8",,,,,,,"22","0","true",,"twistlock","nvd-status(awaiting analysis)"
"ibm-maas360-apps-gold-chrome-batch-app","10.91-REL-20240612.100858","sha256:fb0982b97fe0932782e7d14d64d5a468970c77903effc81553f714069983377d","linux:amd64:","Yes","CVE-2023-6918","https://access.redhat.com/errata/RHSA-2024:3233 - twistlock","low","0.9.6-13.el8_9","0.9.6-14.el8","2023-12-19",,"libssh;libssh-config","os",,"low - twistlock","3.7 - twistlock","3.7",,,,,"CVSS:3.1/AV:N/AC:L/PR:N/UI:N/S:U/C:N/I:N/A:L",,"22","0","true",,"twistlock","nvd-status(undergoing analysis)"
"ibm-maas360-apps-gold-chrome-batch-app","10.91-REL-20240612.100858","sha256:fb0982b97fe0932782e7d14d64d5a468970c77903effc81553f714069983377d","linux:amd64:","Yes","CVE-2023-7008","https://access.redhat.com/errata/RHSA-2024:3203 - twistlock","medium","239-78.el8","239-82.el8","2023-12-23",,"systemd;systemd-libs;systemd-pam","os",,"medium - twistlock","5.9 - twistlock","5.9",,,,,"CVSS:3.1/AV:N/AC:H/PR:N/UI:N/S:U/C:N/I:H/A:N",,"22","0","true",,"twistlock","nvd-status(awaiting analysis)"
"ibm-maas360-apps-gold-chrome-batch-app","10.91-REL-20240612.100858","sha256:fb0982b97fe0932782e7d14d64d5a468970c77903effc81553f714069983377d","linux:amd64:","No","CVE-2024-0232","https://access.redhat.com/security/cve/CVE-2024-0232 - twistlock","low","3.26.0-19.el8_9",,"2024-01-16",,"sqlite-libs","os",,"low - twistlock","4.7 - twistlock","4.7",,,,,"CVSS:3.1/AV:L/AC:L/PR:N/UI:R/S:U/C:N/I:N/A:H",,"22","0","true",,"twistlock","nvd-status(analyzed)"
"ibm-maas360-apps-gold-chrome-batch-app","10.91-REL-20240612.100858","sha256:fb0982b97fe0932782e7d14d64d5a468970c77903effc81553f714069983377d","linux:amd64:","Yes","CVE-2024-0450","https://access.redhat.com/errata/RHSA-2024:3347 - twistlock","medium","3.6.8-56.el8_9.3","3.6.8-62.el8_10","2024-03-19",,"platform-python;python3-libs","os",,"medium - twistlock","6.2 - twistlock","6.2",,,,,,,"22","0","true",,"twistlock","nvd-status(awaiting analysis)"
"ibm-maas360-apps-gold-chrome-batch-app","10.91-REL-20240612.100858","sha256:fb0982b97fe0932782e7d14d64d5a468970c77903effc81553f714069983377d","linux:amd64:","No","CVE-2024-0727","https://access.redhat.com/security/cve/CVE-2024-0727 - twistlock","low","1.1.1k-12.el8_9",,"2024-01-26",,"openssl;openssl-libs","os",,"low - twistlock","5.5 - twistlock","5.5",,,,,"CVSS:3.1/AV:L/AC:L/PR:N/UI:R/S:U/C:N/I:N/A:H",,"24;22","1;0","true",,"twistlock","nvd-status(undergoing analysis)"
"ibm-maas360-apps-gold-chrome-batch-app","10.91-REL-20240612.100858","sha256:fb0982b97fe0932782e7d14d64d5a468970c77903effc81553f714069983377d","linux:amd64:","No","CVE-2024-2236","https://access.redhat.com/security/cve/CVE-2024-2236 - twistlock","medium","1.8.5-7.el8_6",,"2024-03-06",,"libgcrypt","os",,"medium - twistlock","5.9 - twistlock","5.9",,,,,,,"22","0","true",,"twistlock","nvd-status(awaiting analysis)"
"ibm-maas360-apps-gold-chrome-batch-app","10.91-REL-20240612.100858","sha256:fb0982b97fe0932782e7d14d64d5a468970c77903effc81553f714069983377d","linux:amd64:","Yes","CVE-2024-22365","https://access.redhat.com/errata/RHSA-2024:3163 - twistlock","medium","1.3.1-27.el8","1.3.1-33.el8","2024-02-06",,"pam","os",,"medium - twistlock","5.5 - twistlock","5.5",,,,,"CVSS:3.1/AV:L/AC:L/PR:L/UI:N/S:U/C:N/I:N/A:H",,"22","0","true",,"twistlock","nvd-status(awaiting analysis)"
"ibm-maas360-apps-gold-chrome-batch-app","10.91-REL-20240612.100858","sha256:fb0982b97fe0932782e7d14d64d5a468970c77903effc81553f714069983377d","linux:amd64:","No","CVE-2024-22667","https://access.redhat.com/security/cve/CVE-2024-22667 - twistlock","low","8.0.1763-19.el8_6.4",,"2024-02-05",,"vim-minimal","os",,"low - twistlock","8.4 - twistlock","8.4",,,,,"CVSS:3.1/AV:L/AC:L/PR:L/UI:N/S:U/C:H/I:H/A:H",,"22","0","true",,"twistlock","nvd-status(awaiting analysis)"
"ibm-maas360-apps-gold-chrome-batch-app","10.91-REL-20240612.100858","sha256:fb0982b97fe0932782e7d14d64d5a468970c77903effc81553f714069983377d","linux:amd64:","No","CVE-2024-2398","https://access.redhat.com/security/cve/CVE-2024-2398 - twistlock","medium","7.61.1-33.el8",,"2024-03-27",,"curl;libcurl","os",,"medium - twistlock","7.5 - twistlock","7.5",,,,,,,"22","0","true",,"twistlock","nvd-status(awaiting analysis)"
"ibm-maas360-apps-gold-chrome-batch-app","10.91-REL-20240612.100858","sha256:fb0982b97fe0932782e7d14d64d5a468970c77903effc81553f714069983377d","linux:amd64:","Yes","CVE-2024-25062","https://access.redhat.com/errata/RHSA-2024:3626 - twistlock","medium","2.9.7-18.el8_9","2.9.7-18.el8_10.1","2024-02-04",,"libxml2","os",,"medium - twistlock","7.5 - twistlock","7.5",,,,,"CVSS:3.1/AV:N/AC:L/PR:N/UI:N/S:U/C:N/I:N/A:H",,"22","0","true",,"twistlock","nvd-status(awaiting analysis)"
"ibm-maas360-apps-gold-chrome-batch-app","10.91-REL-20240612.100858","sha256:fb0982b97fe0932782e7d14d64d5a468970c77903effc81553f714069983377d","linux:amd64:","No","CVE-2024-2511","https://access.redhat.com/security/cve/CVE-2024-2511 - twistlock","low","1.1.1k-12.el8_9",,"2024-04-08",,"openssl;openssl-libs","os",,"low - twistlock","3.7 - twistlock","3.7",,,,,,,"24;22","1;0","true",,"twistlock","nvd-status(awaiting analysis)"
"ibm-maas360-apps-gold-chrome-batch-app","10.91-REL-20240612.100858","sha256:fb0982b97fe0932782e7d14d64d5a468970c77903effc81553f714069983377d","linux:amd64:","Yes","CVE-2024-26458","https://access.redhat.com/errata/RHSA-2024:3268 - twistlock","low","1.18.2-26.el8_9","1.18.2-27.el8_10","2024-02-29",,"krb5-libs","os",,"low - twistlock","5.9 - twistlock","5.9",,,,,,,"22","0","true",,"twistlock","nvd-status(awaiting analysis)"
"ibm-maas360-apps-gold-chrome-batch-app","10.91-REL-20240612.100858","sha256:fb0982b97fe0932782e7d14d64d5a468970c77903effc81553f714069983377d","linux:amd64:","Yes","CVE-2024-26461","https://access.redhat.com/errata/RHSA-2024:3268 - twistlock","low","1.18.2-26.el8_9","1.18.2-27.el8_10","2024-02-29",,"krb5-libs","os",,"low - twistlock","5.9 - twistlock","5.9",,,,,,,"22","0","true",,"twistlock","nvd-status(awaiting analysis)"
"ibm-maas360-apps-gold-chrome-batch-app","10.91-REL-20240612.100858","sha256:fb0982b97fe0932782e7d14d64d5a468970c77903effc81553f714069983377d","linux:amd64:","No","CVE-2024-28182","https://access.redhat.com/security/cve/CVE-2024-28182 - twistlock","medium","1.33.0-5.el8_9",,"2024-04-04",,"libnghttp2","os",,"medium - twistlock","5.3 - twistlock","5.3",,,,,,,"22","0","true",,"twistlock","nvd-status(awaiting analysis)"
"ibm-maas360-apps-gold-chrome-batch-app","10.91-REL-20240612.100858","sha256:fb0982b97fe0932782e7d14d64d5a468970c77903effc81553f714069983377d","linux:amd64:","Yes","CVE-2024-28834","https://access.redhat.com/errata/RHSA-2024:1784 - twistlock","medium","3.6.16-8.el8_9.1","3.6.16-8.el8_9.3","2024-03-21",,"gnutls","os",,"medium - twistlock","5.3 - twistlock","5.3",,,,,,,"22","0","true",,"twistlock","nvd-status(awaiting analysis)"
"ibm-maas360-apps-gold-chrome-batch-app","10.91-REL-20240612.100858","sha256:fb0982b97fe0932782e7d14d64d5a468970c77903effc81553f714069983377d","linux:amd64:","No","CVE-2024-34459","https://access.redhat.com/security/cve/CVE-2024-34459 - twistlock","low","2.9.7-18.el8_9",,"2024-05-14",,"libxml2","os",,"low - twistlock","5.5 - twistlock","5.5",,,,,,,"22","0","true",,"twistlock",
"ibm-maas360-apps-gold-chrome-batch-app","10.91-REL-20240612.100858","sha256:fb0982b97fe0932782e7d14d64d5a468970c77903effc81553f714069983377d","linux:amd64:","Yes","CVE-2024-35195","https://access.redhat.com/security/cve/CVE-2024-35195 - twistlock;https://nvd.nist.gov/vuln/detail/CVE-2024-35195 - twistlock","medium","9.0.3-23.el8;2.20.0-3.el8_8;2.20.0","under investigation;2.32.0","2024-05-20",,"python3-pip-wheel;python3-requests;requests","os;python","/usr/lib/python3.6/site-packages/requests-2.20.0-py3.6.egg-info","medium - twistlock","5.6 - twistlock","5.6",,,,,,,"22","0","true",,"twistlock",
"ibm-maas360-apps-gold-chrome-batch-app","10.91-REL-20240612.100858","sha256:fb0982b97fe0932782e7d14d64d5a468970c77903effc81553f714069983377d","linux:amd64:","No","CVE-2024-35325","https://access.redhat.com/security/cve/CVE-2024-35325 - twistlock","medium","0.1.7-5.el8","under investigation","2024-06-13",,"libyaml","os",,"medium - twistlock","6.5 - twistlock","6.5",,,,,,,"22","0","true",,"twistlock",
"ibm-maas360-apps-gold-chrome-batch-app","10.91-REL-20240612.100858","sha256:fb0982b97fe0932782e7d14d64d5a468970c77903effc81553f714069983377d","linux:amd64:","No","CVE-2024-35326","https://access.redhat.com/security/cve/CVE-2024-35326 - twistlock","medium","0.1.7-5.el8","under investigation","2024-06-13",,"libyaml","os",,"medium - twistlock","6.5 - twistlock","6.5",,,,,,,"22","0","true",,"twistlock",
"ibm-maas360-apps-gold-chrome-batch-app","10.91-REL-20240612.100858","sha256:fb0982b97fe0932782e7d14d64d5a468970c77903effc81553f714069983377d","linux:amd64:","No","CVE-2024-35328","https://access.redhat.com/security/cve/CVE-2024-35328 - twistlock","medium","0.1.7-5.el8",,"2024-06-13",,"libyaml","os",,"medium - twistlock","7.5 - twistlock","7.5",,,,,,,"22","0","true",,"twistlock",
"ibm-maas360-apps-gold-chrome-batch-app","10.91-REL-20240612.100858","sha256:fb0982b97fe0932782e7d14d64d5a468970c77903effc81553f714069983377d","linux:amd64:","Yes","CVE-2024-3651","https://nvd.nist.gov/vuln/detail/CVE-2024-3651 - twistlock;https://access.redhat.com/errata/RHSA-2024:3552 - twistlock","medium","2.5;2.5-5.el8","3.7;2.5-5.el8_8.1","2024-04-12",,"idna;python3-idna","python;os","/usr/lib/python3.6/site-packages/idna-2.5-py3.6.egg-info","medium - twistlock","6.2 - twistlock;6.5 - twistlock","6.5",,,,,,,"22","0","true",,"twistlock",
"ibm-maas360-apps-gold-chrome-batch-app","10.91-REL-20240612.100858","sha256:fb0982b97fe0932782e7d14d64d5a468970c77903effc81553f714069983377d","linux:amd64:","No","CVE-2024-37370","https://access.redhat.com/security/cve/CVE-2024-37370 - twistlock","medium","1.18.2-26.el8_9",,"2024-06-27",,"krb5-libs","os",,"medium - twistlock","0 - twistlock","0",,,,,,,"22","0","true",,"twistlock",
"ibm-maas360-apps-gold-chrome-batch-app","10.91-REL-20240612.100858","sha256:fb0982b97fe0932782e7d14d64d5a468970c77903effc81553f714069983377d","linux:amd64:","No","CVE-2024-37371","https://access.redhat.com/security/cve/CVE-2024-37371 - twistlock","medium","1.18.2-26.el8_9",,"2024-06-27",,"krb5-libs","os",,"medium - twistlock","0 - twistlock","0",,,,,,,"22","0","true",,"twistlock",
"ibm-maas360-apps-gold-chrome-batch-app","10.91-REL-20240612.100858","sha256:fb0982b97fe0932782e7d14d64d5a468970c77903effc81553f714069983377d","linux:amd64:","Yes","CVE-2024-37891","https://access.redhat.com/security/cve/CVE-2024-37891 - twistlock;https://nvd.nist.gov/vuln/detail/CVE-2024-37891 - twistlock","medium","1.24.2-5.el8_9.2;1.24.2","2.2.2","2024-06-17",,"python3-urllib3;urllib3","os;python","/usr/lib/python3.6/site-packages/urllib3-1.24.2-py3.6.egg-info","medium - twistlock","4.4 - twistlock","4.4",,,,,,,"22","0","true",,"twistlock",
"ibm-maas360-apps-gold-chrome-batch-app","10.91-REL-20240612.100858","sha256:fb0982b97fe0932782e7d14d64d5a468970c77903effc81553f714069983377d","linux:amd64:","No","CVE-2024-38428","https://access.redhat.com/security/cve/CVE-2024-38428 - twistlock","medium","1.19.5-11.el8",,"2024-06-16",,"wget","os",,"medium - twistlock","5.4 - twistlock","5.4",,,,,,,"24","1","true",,"twistlock",
"ibm-maas360-apps-gold-chrome-batch-app","10.91-REL-20240612.100858","sha256:fb0982b97fe0932782e7d14d64d5a468970c77903effc81553f714069983377d","linux:amd64:","No","CVE-2024-4032","https://access.redhat.com/security/cve/CVE-2024-4032 - twistlock","low","3.6.8-56.el8_9.3",,"2024-06-17",,"platform-python;python3-libs","os",,"low - twistlock","3.7 - twistlock","3.7",,,,,,,"22","0","true",,"twistlock",
"ibm-maas360-apps-gold-chrome-batch-app","10.91-REL-20240612.100858","sha256:fb0982b97fe0932782e7d14d64d5a468970c77903effc81553f714069983377d","linux:amd64:","No","CVE-2024-5535","https://access.redhat.com/security/cve/CVE-2024-5535 - twistlock","low","1.1.1k-12.el8_9","under investigation","2024-06-27",,"openssl;openssl-libs","os",,"low - twistlock","5.9 - twistlock","5.9",,,,,,,"24;22","1;0","true",,"twistlock",
"ibm-maas360-apps-gold-chrome-batch-app","10.91-REL-20240612.100858","sha256:fb0982b97fe0932782e7d14d64d5a468970c77903effc81553f714069983377d","linux:amd64:","No","CVE-2024-5642","https://access.redhat.com/security/cve/CVE-2024-5642 - twistlock","low","3.6.8-56.el8_9.3",,"2024-06-27",,"platform-python;python3-libs","os",,"low - twistlock","2.7 - twistlock","2.7",,,,,,,"22","0","true",,"twistlock",
"ibm-maas360-apps-gold-chrome-batch-app","10.91-REL-20240612.100858","sha256:fb0982b97fe0932782e7d14d64d5a468970c77903effc81553f714069983377d","linux:amd64:","Yes","PRISMA-2021-0182","https://github.com/eclipse/jetty.project/issues/6973 - twistlock","medium","9.4.39.v20210325","9.4.44","2021-12-23",,"jetty-server;jetty-servlet","jar","/opt/batch/chrome-batch-app/lib/ehcache-2.10.9.2.jar","medium - twistlock","5.5 - twistlock","5.5",,,,,,,"43","11","false",,"twistlock",
"ibm-maas360-apps-gold-chrome-batch-app","10.91-REL-20240612.100858","sha256:fb0982b97fe0932782e7d14d64d5a468970c77903effc81553f714069983377d","linux:amd64:","Yes","PRISMA-2023-0067","https://github.com/FasterXML/jackson-core/pull/827 - twistlock","high","2.11.1","2.15.0","2023-04-24",,"jackson-core","jar","/opt/batch/chrome-batch-app/lib/ehcache-2.10.9.2.jar","high - twistlock","7.5 - twistlock","7.5",,,,,,,"43","11","false",,"twistlock",
