image,imageTag,imageDigest,platform,hasFix,cve,cveReferences,highestSeverity,vulnerableVersions,fixedVersions,cvePublished,cveLastModified,artifactNames,artifactTypes,artifactPaths,severities,cvssBaseScores,highestCvssBaseScore,cvssExploitabilityScores,highestCvssExploitabilityScore,cvssImpactScores,highestCvssImpactScore,cvssVectors,exploitDBRefs,vulnerableBuildSteps,vulnerableLayerNumbers,baseLayerVulnerability,notes,scannerHits,tags
"ibm-maas360-apps-gold-device-web-services-10.90-DEV-20240216.074830","10.90-DEV-20240216.074830","sha256:176f7e3dc3fe92fcdca7ef5d1494a78a203298783f27e8efbcb0d7d6f05b5f40","linux:amd64:","Yes","CVE-2023-1436","https://nvd.nist.gov/vuln/detail/CVE-2023-1436 - twistlock","high","1.3.7","1.5.4","2023-03-22",,"jettison","jar","/opt/tomcat/webapps/device-web-services.war/jettison-1.3.7.jar","high - twistlock","7.5 - twistlock","7.5",,,,,"CVSS:3.1/AV:N/AC:L/PR:N/UI:N/S:U/C:N/I:N/A:H",,"33","6","true",,"twistlock","nvd-status(analyzed)"
